"","quarter","area","avg_d_kbps","d_kbps_std_dev","avg_u_kbps","u_kbps_std_dev","avg_lat_ms","lat_ms_std_dev","devices"
"1",1,"inside",39147.2222222222,42610.9202845568,6293.09259259259,7463.41455637575,186.5,386.961689391345,54
"2",2,"inside",56568.7222222222,62806.5063879311,7886.35185185185,5962.36355615382,75.2777777777778,156.632898140442,54
"3",3,"inside",40373.5849056604,51742.6816209247,6630.39622641509,6152.96776529462,196.415094339623,341.800123439363,53
"4",4,"inside",54890.873015873,66114.8300540839,7939.07936507936,7083.00202507016,186.333333333333,336.903068284269,63
"5",5,"inside",46518.7704918033,66806.1699579197,5993.80327868852,6749.46856875827,113.049180327869,214.355578904889,61
"6",6,"inside",53032.5172413793,65680.2018670704,6519.80459770115,5780.17433920522,275.83908045977,622.70738347293,87
"7",7,"inside",39340.6071428571,43366.5310132239,6136.41666666667,5126.68635836719,129.52380952381,233.830773747977,84
"8",8,"inside",36902.0769230769,47302.1492225437,5382.30769230769,5563.77383854661,238.076923076923,415.19369591578,91
"9",9,"inside",56879.7872340426,60563.9871126935,7368.43617021277,5885.99935067079,314.478723404255,659.902350689604,94
"10",10,"inside",66033.128440367,84281.531959646,6782.83486238532,5951.91263145529,139.51376146789,313.611153863167,109
"11",11,"inside",50782.775862069,58884.0282461081,5876.18965517241,5394.14914419365,125.948275862069,218.918163976269,116
"12",12,"inside",84317.2447552448,134266.490527954,8216.29370629371,8334.14126369778,139.692307692308,288.867634553483,143
"13",1,"5 miles",180614.395555556,201732.239580179,28694.3185185185,36039.6911156293,89.5792592592593,136.237053993237,675
"14",2,"5 miles",182285.39183056,203286.624474766,25850.8018154312,29426.6411218937,110.954614220877,181.451515514378,661
"15",3,"5 miles",199448.973042362,219437.22163231,34610.216944801,88292.6144573402,92.4659820282413,142.285448678203,779
"16",4,"5 miles",244729.158896289,320146.114251606,35879.5528068506,49817.4011620325,106.252140818268,166.297221529013,1051
"17",5,"5 miles",213220.229273286,217646.679722678,32420.5496417605,40552.2316319812,129.630501535312,207.75911535075,977
"18",6,"5 miles",231115.568322981,253790.602328437,30909.3530020704,33213.8461191965,107.010351966874,137.83556282677,966
"19",7,"5 miles",221639.555433589,228888.685321895,36339.3040614709,47760.4379272767,96.9176728869374,175.24977097214,911
"20",8,"5 miles",194707.115432873,175602.975433239,26622.4554579674,26885.3973451971,86.375156838143,146.000829608477,797
"21",9,"5 miles",266527.405642023,258394.948359506,39436.046692607,59821.7107956286,106.661478599222,161.591748184602,1028
"22",10,"5 miles",344173.779767234,335434.245774119,43333.4843330349,68310.699402924,96.2882721575649,193.310327645785,1117
"23",11,"5 miles",318460.53053783,345231.189316874,68840.870556062,170432.534765557,120.144029170465,194.159510114899,1097
"24",12,"5 miles",511975.13213448,531291.856774462,56961.2971071149,99687.6909379683,134.869429241595,201.603030340507,1279
"25",1,"10 miles",154713.401888772,181525.69421609,28823.0671563484,44208.7627825807,91.1951731374607,152.301433260871,953
"26",2,"10 miles",174227.916129032,216489.299979799,38314.4053763441,109205.96958815,136.320430107527,279.696187842978,930
"27",3,"10 miles",208326.423431734,257448.829853999,40123.2269372694,105750.466451952,97.6180811808118,188.214622501466,1084
"28",4,"10 miles",236610.537447989,305674.508759353,44496.7295423024,106549.40191775,111.144937586685,178.658255274379,1442
"29",5,"10 miles",201872.52131638,210944.811666886,31559.9334330591,40404.9543915044,121.17277486911,205.136439715025,1337
"30",6,"10 miles",221084.534954407,252481.907099084,36350.0980243161,79669.2027868122,116.566869300912,222.466767058022,1316
"31",7,"10 miles",208531.932902183,228560.334000929,44001.813257882,106161.62233894,98.1673403395311,196.688314782464,1237
"32",8,"10 miles",185828.312256809,179481.070279559,31399.3910505837,62200.012077858,95.215953307393,207.84635470682,1028
"33",9,"10 miles",241736.976507439,249065.688120975,39066.2247454973,71952.9560697104,110.837118245889,210.556208700693,1277
"34",10,"10 miles",318401.501408451,340595.130838048,47673.9218309859,112591.512827764,98.4647887323944,199.577109709076,1420
"35",11,"10 miles",296282.909027778,344727.365396231,79747.5958333333,227387.797016369,119.30625,192.265173943982,1440
"36",12,"10 miles",452985.175776398,513442.286805207,64135.5751552795,157253.853111469,129.009937888199,202.030875685533,1610
"37",1,"15 miles",165276.462755438,204963.663685501,28942.3579433092,45613.1836275319,109.299934080422,179.178575982244,1517
"38",2,"15 miles",164039.883947186,218242.417394212,32969.5656706046,90102.2836985947,140.127171646977,270.511669051261,1439
"39",3,"15 miles",196713.139764997,254686.28626133,35234.4564007421,88962.6160148738,112.743351886209,204.36720507894,1617
"40",4,"15 miles",227366.303827751,294905.301717269,38907.4153110048,90438.1723888623,118.505263157895,186.184969103341,2090
"41",5,"15 miles",202618.98886076,218718.383818612,30221.96,37565.1140637023,126.610126582278,201.628026556187,1975
"42",6,"15 miles",230735.88409433,261819.753693238,34514.9412945309,67718.901684993,123.754139488209,215.569626384267,1993
"43",7,"15 miles",221626.370509383,253930.795395887,40349.0327077748,88901.4608504368,107.067024128686,185.334725926124,1865
"44",8,"15 miles",198453.770502645,201744.627977388,29881.3412698413,53893.1647819618,101.68253968254,200.900556247021,1512
"45",9,"15 miles",238950.994559304,250861.47092838,35929.9042437432,62826.7359248748,112.865070729053,206.767445595938,1838
"46",10,"15 miles",312973.218611521,357216.683009191,43299.7498769079,97273.1671465399,100.324470704087,184.017359929898,2031
"47",11,"15 miles",285924.697527872,336020.770529779,65191.8822103732,192506.319005871,115.590887057683,183.845980836083,2063
"48",12,"15 miles",414068.590454545,502376.441191196,55983.62,137467.287487056,127.977272727273,201.112104583767,2200
"49",1,"20 miles",206328.956745182,282304.290054905,35667.8766595289,56954.1110600482,129.903640256959,213.683367490343,2335
"50",2,"20 miles",193668.102752294,256207.11148231,36059.5848623853,84832.1960543465,144.912385321101,244.738404765454,2180
"51",3,"20 miles",228130.223831196,308328.912918065,39796.5643359537,88518.1498715315,125.247000413736,203.915670813432,2417
"52",4,"20 miles",275073.824706256,360920.32394075,48843.5592251508,127228.865716092,145.168942521435,226.063626138928,3149
"53",5,"20 miles",272468.269156471,335859.235393249,40796.9826142949,70760.0484363551,150.941725692209,205.439724344931,3106
"54",6,"20 miles",299728.118187579,384113.807826365,43127.4451837769,82425.8223004771,145.56463878327,222.995500593276,3156
"55",7,"20 miles",297616.211975224,400610.933562553,43217.1858224363,77377.0589415979,129,190.834727676687,2906
"56",8,"20 miles",296340.897058824,425580.781187011,37256.5237889273,56059.1244609231,113.401816608997,188.862973403447,2312
"57",9,"20 miles",363389.194434783,489236.539515877,45811.5871304348,65935.90713276,139.092173913043,229.117658382569,2875
"58",10,"20 miles",407250.875951042,509476.204695674,48072.2643069798,90398.1067599145,122.337413165729,208.987398122425,3023
"59",11,"20 miles",439109.968218299,634267.748191026,78980.7040128411,229124.47783287,138.958266452648,192.541520661788,3115
"60",12,"20 miles",607198.517378049,838390.867553488,100046.724085366,197642.663823705,147.683231707317,203.830130584536,3280
